mae: 6.478274345397949
rmse: 13.716409683227539
r2: 0.9991809129714966
medae: 1.9662437438964844
mape: 0.02263532765209675
rel_err_std: 0.03203114494681358
rel_err_mean_abs: 0.02263532765209675
