mae: 3.634718418121338
rmse: 7.985630512237549
r2: 0.9997223615646362
medae: 1.133514404296875
mape: 0.01274648867547512
rel_err_std: 0.018267057836055756
rel_err_mean_abs: 0.01274648867547512
