mae: 547.0882568359375
rmse: 1628.7127685546875
r2: 0.9985223412513733
medae: 42.60205078125
mape: 0.025873377919197083
rel_err_std: 0.05864479020237923
rel_err_mean_abs: 0.025873377919197083
