mae: 164.2310028076172
rmse: 548.7281494140625
r2: 0.999832272529602
medae: 15.89227294921875
mape: 0.009035704657435417
rel_err_std: 0.021501008421182632
rel_err_mean_abs: 0.009035704657435417
