mae: 198.82379150390625
rmse: 603.7953491210938
r2: 0.9990882277488708
medae: 15.32861614227295
mape: 0.020216569304466248
rel_err_std: 0.04925589635968208
rel_err_mean_abs: 0.0202165599912405
