============================================================
OVERALL METRICS (All Features Combined)
============================================================
mae: 26.11865234375
rmse: 80.82743072509766
r2: 0.9999649524688721
medae: 2.156181573867798
mse: 19000.69921875
explained_variance: 0.9999663233757019
max_error: 5294.15625
mape: 0.0035988178569823503
rel_err_std: 0.01737027056515217
rel_err_mean_abs: 0.0035988164599984884
residual_mean: -16.010513305664062
residual_std: 136.9119873046875
residual_skew: -8.41508674621582
residual_kurtosis: 196.67230224609375
residual_p95: 8.347707748413086
residual_p99: 131.1595001220703

============================================================
PER-FEATURE METRICS
============================================================

--- Area ---
mae: 77.09516906738281
rmse: 238.7272491455078
r2: 0.9999682307243347
medae: 6.11474609375
mse: 56990.703125
explained_variance: 0.999969482421875
max_error: 5294.15625
mape: 0.004542222246527672
rel_err_std: 0.028587214648723602
rel_err_mean_abs: 0.004542222246527672
residual_mean: -47.45941162109375
residual_std: 233.96218872070312
residual_skew: -4.6539812088012695
residual_kurtosis: 64.63497161865234
residual_p95: 73.8665771484375
residual_p99: 301.61614990234375

--- Iso_distance ---
mae: 1.1841789484024048
rmse: 3.5985498428344727
r2: 0.9999436140060425
medae: 0.32350921630859375
mse: 12.949560165405273
explained_variance: 0.999944806098938
max_error: 67.717041015625
mape: 0.004337689373642206
rel_err_std: 0.007855448871850967
rel_err_mean_abs: 0.004337689373642206
residual_mean: -0.5233379602432251
residual_std: 3.5602917671203613
residual_skew: -4.443647861480713
residual_kurtosis: 105.03795623779297
residual_p95: 1.2651419639587402
residual_p99: 3.372596502304077

--- Iso_width ---
mae: 0.07678692787885666
rmse: 0.15985709428787231
r2: 0.9999830722808838
medae: 0.030289649963378906
mse: 0.025554291903972626
explained_variance: 0.999984622001648
max_error: 2.498321533203125
mape: 0.0019165377598255873
rel_err_std: 0.004998551215976477
rel_err_mean_abs: 0.0019165377598255873
residual_mean: -0.04879456385970116
residual_std: 0.15222807228565216
residual_skew: -4.211461067199707
residual_kurtosis: 30.67823028564453
residual_p95: 0.06243487447500229
residual_p99: 0.14227470755577087
