mae: 274.32904052734375
rmse: 849.4168701171875
r2: 0.9995980858802795
medae: 34.8310546875
mape: 0.017661673948168755
rel_err_std: 0.03076334111392498
rel_err_mean_abs: 0.017661673948168755
