mae: 231.9910888671875
rmse: 748.6821899414062
r2: 0.9981570243835449
medae: 18.59498405456543
mape: 0.025860808789730072
rel_err_std: 0.10896977037191391
rel_err_mean_abs: 0.02586081065237522
