mae: 0.3650951087474823
rmse: 0.6990881562232971
r2: 0.9996761679649353
medae: 0.19518470764160156
mape: 0.011097665876150131
rel_err_std: 0.018788907676935196
rel_err_mean_abs: 0.011097665876150131
