mae: 0.4041209816932678
rmse: 0.7268224954605103
r2: 0.9996499419212341
medae: 0.21092987060546875
mape: 0.01271071657538414
rel_err_std: 0.027235617861151695
rel_err_mean_abs: 0.01271071657538414
