mae: 188.26451110839844
rmse: 492.7323913574219
r2: 0.9988800883293152
medae: 15.525105476379395
mape: 0.0216283667832613
rel_err_std: 0.06951209902763367
rel_err_mean_abs: 0.02162836864590645
