mae: 7.636037349700928
rmse: 16.54420280456543
r2: 0.9988083839416504
medae: 2.124147415161133
mape: 0.02449524775147438
rel_err_std: 0.0336061492562294
rel_err_mean_abs: 0.02449524775147438
