mae: 0.745057225227356
rmse: 1.5379256010055542
r2: 0.9984326958656311
medae: 0.3306241035461426
mape: 0.02141663245856762
rel_err_std: 0.055589884519577026
rel_err_mean_abs: 0.02141663245856762
