mae: 517.3629760742188
rmse: 1556.727783203125
r2: 0.998650074005127
medae: 44.21307373046875
mape: 0.026575472205877304
rel_err_std: 0.061446815729141235
rel_err_mean_abs: 0.026575472205877304
